99010638257
80101057198
83122695857
55072788273
97082597494
56020246377
67050199254
89040232875
93092915567
91091984557
70100332626
73072768622
62101011189
69100422297
71080875895
67050196718
64092251481
94020181492
71072055968
54102394693
85071941238
87122667759
95072315833
81071671139
54043047225
60051979568
59100216493
99012456118
82120661958
75072578793
86041077166
01262151178
00302331923
62071728496
81101391734
00210112818
67051582763
95020731793
73090826872
57080198745
67121279391
62012269152
67050434535
90012619943
00260846259
90040733181
84050734991
72010577544
74011129263
80010416239
73062195991
75011084242
93081376243
60100749731
60120987546
77070926295
63101131493
85040582972
91110564849
87022558177
87070161172
75121996619
58082423233
63121734957
89082284485
88120393882
85032083388
82103135892
59022352464
60041857494
60041561377
97080343936
63090436564
94101181621
85122484495
84030196287
58010543163
66090629279
63040763924
71111042762
83121588677
73122739356
73090878749
70030581495
54032213387
60021375699
86071248523
53012073733
94120185215
87112035175
67021325389
71070526462
72030872191
65100876593
88013166113
57030424784
01271222711
59071142197
59052386262
92090113892
