709372792
557759085
647029361
535848020
782008948
583453310
563633669
590510707
746246785
606906689
676277863
658230385
739802096
766367386
737224773
654890874
709643359
530770768
634174002
686863164
714478395
593455860
573133584
615270162
773745898
766341715
773441960
771168594
775681057
737945837
728330642
575457632
568457207
678339084
641816696
778706003
743563236
601612972
670537083
555606098
580256771
786415657
726607994
619729307
600241462
698798583
607447981
535592945
605808481
522711970
537927576
667150073
621935137
526487670
636859445
616927932
784625499
532770199
562102121
516678232
610011349
592465073
614829649
509311948
678576045
601831230
590784178
562474011
625561689
758518768
711327636
609041387
660233683
579578903
607617392
728062736
666847864
753404276
516039699
575958315
659904734
738860014
666371113
753980086
701029260
562191568
753522494
542980536
542490639
525899764
794080502
711804037
540521850
654869851
745594747
787791696
672597008
718307046
741153260
798410231
